matrix1 = 
1	2	3	
4	5	6	
7	8	9	

matrix2 = 
3	2	1	
6	5	4	
9	8	7	

matrix1 + matrix2 = 
4	4	4	
10	10	10	
16	16	16	

matrix1 - matrix2 = 
-2	0	2	
-2	0	2	
-2	0	2	

matrix1 * matrix2 = 
42	36	30	
96	81	66	
150	126	102	

matrix1 + 4 = 
5	6	7	
8	9	10	
11	12	13	

matrix1 - 4 = 
-3	-2	-1	
0	1	2	
3	4	5	

matrix1 * 4 = 
4	8	12	
16	20	24	
28	32	36	

matrix1(1, 1) = 5

matrix1[1][1] = 5

matrix3 = matrix1 = 
1	2	3	
4	5	6	
7	8	9	

matrix3 += 1 = 
2	3	4	
5	6	7	
8	9	10	

matrix3 -= 4 = 
-2	-1	0	
1	2	3	
4	5	6	

matrix3 *= 2 = 
-4	-2	0	
2	4	6	
8	10	12	

matrix3 += matrix1 = 
-3	0	3	
6	9	12	
15	18	21	

matrix3 -= matrix2 = 
-6	-2	2	
0	4	8	
6	10	14	

matrix3 *= matrix1 = 
0	-6	-12	
72	84	96	
144	174	204	

matrix1.dot(matrix2) = 
42	36	30	
96	81	66	
150	126	102	

matrix1.transpose() = 
42	96	150	
36	81	126	
30	66	102	

